2 0.590625 0.397222 0.0520833 0.0722222
0 0.194271 0.523148 0.0197917 0.0351852
1 0.192708 0.699074 0.0729167 0.361111
2 0.590625 0.397222 0.0520833 0.0722222
0 0.194271 0.523148 0.0197917 0.0351852
1 0.192708 0.699074 0.0729167 0.361111
2 0.790234 0.225 0.0273438 0.0527778
0 0.571875 0.5125 0.0484375 0.0944444
0 0.357031 0.297222 0.0171875 0.0305556
1 0.642969 0.60625 0.132812 0.659722
2 0.790234 0.225 0.0273438 0.0527778
0 0.571875 0.5125 0.0484375 0.0944444
0 0.357031 0.297222 0.0171875 0.0305556
1 0.642969 0.60625 0.132812 0.659722
2 0.790234 0.225 0.0273438 0.0527778
0 0.571875 0.5125 0.0484375 0.0944444
0 0.357031 0.297222 0.0171875 0.0305556
1 0.642969 0.60625 0.132812 0.659722
